総エネルギー(℃・min）,最大温度（℃）,冷却工程,苛性投入までの水の量（g）,液体としての水（結晶水含まず）,水含有量（g）,水和可能数（g）,固化
-0.676531128,-0.786021795,0,-0.185656762,0.050225639,0.709919714,-0.418839931,0
-0.805259605,-0.786021795,0,0.270958518,0.050225639,0.709919714,-0.418839931,0
-0.891078589,-0.786021795,0,-2.240425521,0.050225639,0.709919714,-0.418839931,1
-0.878818734,-0.786021795,0,-2.240425521,0.050225639,0.709919714,-0.418839931,1
-0.817519459,-0.786021795,0,0.270958518,0.050225639,0.709919714,-0.418839931,0
-0.026758817,1.287253084,0,0.955881437,0.050225639,0.709919714,-0.418839931,0
-0.817519459,-0.786021795,0,-0.870579682,0.050225639,0.709919714,-0.418839931,1
-0.253566133,0.250615645,0,1.412496717,-0.235432684,0.261289895,-0.418839931,0
-0.805259605,-0.786021795,0,0.042650878,-0.235432684,0.261289895,-0.418839931,1
-0.805259605,-0.786021795,0,0.499266158,0.335883963,1.158549533,-0.418839931,1
-0.79299975,-0.786021795,0,0.955881437,0.050225639,0.261289895,1.726128202,1
-0.71944062,-0.786021795,0,-0.413964402,1.478517258,0.709919714,2.0561233,1
-0.578452289,-0.786021795,0,-0.185656762,1.478517258,0.709919714,2.0561233,0
-0.658141346,-0.786021795,0,-1.098887322,1.478517258,0.709919714,2.0561233,1
-0.658141346,-0.786021795,0,-0.185656762,1.478517258,0.709919714,2.0561233,0
-0.658141346,-0.786021795,0,-1.098887322,1.478517258,1.158549533,1.891125751,1
-0.658141346,0.250615645,0,-0.642272042,0.907200611,0.709919714,2.386118398,1
-0.728635511,0.250615645,0,-0.413964402,0.050225639,0.261289895,1.726128202,1
-0.725570548,0.250615645,0,-0.642272042,0.050225639,0.261289895,1.726128202,1
-0.701050838,0.250615645,0,-0.185656762,0.050225639,0.261289895,1.726128202,1
-0.731700475,-0.786021795,0,-0.413964402,0.050225639,0.261289895,1.726128202,0
-0.645881491,-0.786021795,0,-0.870579682,0.050225639,0.261289895,1.726128202,1
-0.652011418,-0.786021795,0,-0.870579682,0.050225639,0.261289895,1.726128202,1
1.297305513,2.323890524,0,-0.413964402,0.050225639,0.261289895,1.726128202,1
0.359426612,2.323890524,0,-0.413964402,0.050225639,0.261289895,1.726128202,1
-0.109512838,2.323890524,0,-0.413964402,0.050225639,0.261289895,1.726128202,1
1.597671959,-0.786021795,1,0.955881437,0.050225639,0.261289895,1.726128202,1
-0.701050838,0.250615645,0,-0.185656762,0.050225639,0.261289895,1.561130654,1
-0.30873548,0.250615645,1,0.270958518,-1.949382627,-2.430489021,-0.088844834,1
-0.556997542,-0.786021795,0,-0.642272042,0.621542287,2.055809172,-0.253842383,1
-0.621361781,-0.786021795,0,0.042650878,0.335883963,1.158549533,-0.253842383,1
-0.691855947,0.250615645,0,-0.642272042,-0.806749332,-2.430489021,-0.253842383,0
-0.664271273,-0.786021795,0,-0.185656762,-0.235432684,0.261289895,-0.253842383,1
-0.664271273,-0.786021795,0,-0.185656762,-0.235432684,0.261289895,0.076152715,1
-0.403749356,1.287253084,0,-0.185656762,-0.235432684,0.261289895,-0.088844834,0
-0.750090257,-0.786021795,0,0.270958518,-0.235432684,0.261289895,0.076152715,1
-0.648946454,1.287253084,0,1.184189077,-1.092407656,-0.635969744,0.076152715,1
-0.541672724,1.287253084,1,0.955881437,-1.37806598,-1.084599563,0.076152715,1
0.001438849,2.323890524,0,0.270958518,-1.37806598,-1.084599563,-0.088844834,0
-0.40681432,0.250615645,0,0.270958518,-1.37806598,-1.084599563,-0.088844834,1
0.29199741,1.287253084,0,-0.870579682,-1.37806598,-2.87911884,-0.088844834,0
-0.437463957,0.250615645,0,0.270958518,-1.37806598,-0.635969744,-0.253842383,1
-0.449723812,-0.786021795,0,2.325727276,0.621542287,1.607179353,-0.253842383,1
-0.363904828,-0.786021795,0,1.184189077,-1.092407656,-0.187339925,-0.253842383,1
-0.40681432,-0.786021795,0,1.869111997,-0.235432684,1.158549533,-0.253842383,1
1.045978488,0.250615645,0,0.955881437,-1.37806598,-1.084599563,0.076152715,0
1.321825223,0.250615645,0,0.955881437,-1.37806598,-1.084599563,0.076152715,0
1.597671959,0.250615645,0,0.955881437,-1.37806598,-1.084599563,0.076152715,0
1.597671959,0.250615645,1,0.955881437,-1.37806598,-1.084599563,0.076152715,1
1.616061741,-0.786021795,1,0.955881437,-1.37806598,-1.084599563,0.076152715,1
2.811397595,-0.786021795,1,0.955881437,-1.37806598,-1.084599563,0.076152715,1
2.811397595,1.287253084,1,0.955881437,-1.37806598,-1.084599563,0.076152715,0
3.050464766,-0.786021795,1,0.955881437,-1.37806598,-1.084599563,0.076152715,1
3.050464766,0.250615645,1,0.955881437,-1.37806598,-1.084599563,0.076152715,0
0.880470446,-0.786021795,1,0.955881437,-1.37806598,-1.084599563,0.076152715,0
1.127506523,-0.786021795,0,0.955881437,-1.37806598,-1.084599563,0.076152715,0
1.53845686,-0.786021795,1,0.955881437,-1.37806598,-1.084599563,0.076152715,1
-0.553932579,1.287253084,0,1.184189077,-1.092407656,-0.635969744,0.076152715,0
-0.161617221,1.287253084,0,1.184189077,-1.092407656,-0.635969744,0.076152715,0
0.426855814,1.287253084,0,1.184189077,-1.092407656,-0.635969744,0.076152715,0
0.750515984,1.287253084,1,1.184189077,-1.092407656,-0.635969744,0.076152715,1
-0.278085843,-0.786021795,0,1.184189077,-1.092407656,-0.635969744,0.076152715,1
-0.517153014,1.287253084,0,0.727573797,0.907200611,0.709919714,-1.078830127,0
-0.43133403,1.287253084,0,0.270958518,0.907200611,0.709919714,-1.078830127,1
-0.529412869,1.287253084,0,-0.642272042,-0.235432684,-0.635969744,-1.078830127,1
-0.480373449,0.250615645,0,1.184189077,2.049833906,2.055809172,-1.078830127,0
-0.547802651,-0.786021795,0,0.955881437,0.907200611,0.709919714,-0.913832578,0
-0.43133403,-0.786021795,0,-0.413964402,0.907200611,0.709919714,-0.913832578,1
-0.461983667,-0.786021795,0,0.955881437,0.907200611,0.261289895,-0.913832578,0
-0.474243522,-0.786021795,0,-0.413964402,1.192858935,0.709919714,-0.913832578,1
-0.474243522,-0.786021795,0,-0.413964402,1.192858935,0.709919714,-0.913832578,1
-0.474243522,-0.786021795,0,-0.413964402,1.192858935,0.709919714,-0.913832578,1
-0.474243522,-0.786021795,0,-0.413964402,1.192858935,0.709919714,-0.913832578,1
-0.474243522,-0.786021795,0,-0.413964402,1.192858935,0.709919714,-0.913832578,1
-0.468113594,-0.786021795,0,-1.783810241,1.192858935,0.709919714,-0.913832578,1
-0.541672724,-1.822659235,0,-1.783810241,1.192858935,0.709919714,-0.913832578,0
-0.583356231,-0.786021795,0,-1.783810241,1.192858935,0.709919714,-0.913832578,0
-0.609101926,-0.786021795,0,-1.783810241,1.192858935,0.709919714,-0.913832578,1
-0.609101926,-0.786021795,0,-1.783810241,1.192858935,0.709919714,-0.913832578,1
-0.480373449,-0.786021795,0,-1.783810241,1.192858935,0.709919714,-0.913832578,1
-0.517153014,-0.786021795,0,-1.783810241,1.192858935,0.709919714,-0.913832578,1
-0.639751563,-0.786021795,0,-1.783810241,0.621542287,-0.187339925,-0.913832578,1
-0.100317947,1.287253084,0,-0.870579682,0.050225639,-1.084599563,-0.913832578,1
0.29199741,1.287253084,0,-0.870579682,0.050225639,-1.084599563,-0.913832578,1
0.880470446,1.287253084,0,-0.870579682,0.050225639,-1.084599563,-0.913832578,1
1.468943482,1.287253084,0,-0.870579682,0.050225639,-1.084599563,-0.913832578,1
0.990809141,1.287253084,1,0.042650878,0.050225639,-1.084599563,-1.078830127,1
1.303435441,1.287253084,1,0.042650878,0.050225639,-1.084599563,-1.078830127,1
2.112585865,1.287253084,0,0.042650878,0.050225639,-1.084599563,-1.078830127,0
1.965467606,1.287253084,0,0.042650878,0.050225639,-1.084599563,-1.078830127,0
-0.461983667,-0.786021795,0,1.640804357,2.621150553,2.953068811,-1.078830127,0
